1.000000000000000000e+00,9.967536027882903937e-01,9.995363877755221171e-01,9.988157645222022207e-01,9.985753566130294301e-01,9.946603926699342235e-01,9.995969691258852485e-01,9.974336280820147449e-01,9.991206378150780942e-01,9.619878609365716260e-01,9.947100721319998007e-01,9.452125051269850697e-01,9.981741784195560241e-01,9.966962816681522730e-01,9.985245342175413930e-01,9.967916063901056667e-01,9.983753891670483771e-01,9.995138469137898607e-01,9.970150322475619387e-01,9.952549097686438362e-01,9.846536863455686017e-01,9.988527230109786048e-01,9.961179513474294200e-01,9.960412994869087822e-01,9.895416684881199743e-01,9.982434910127108152e-01,9.991021052956402526e-01,9.956517531150608225e-01,9.947392877963444624e-01,9.972652780936868133e-01,9.979121530419157171e-01,9.992062977305649074e-01,9.985340523964826298e-01,9.992920191409232489e-01,9.960482596187341109e-01,9.983366470655252733e-01,9.995368200977703399e-01,9.909051181890852211e-01,9.982499968772616805e-01,9.959332271752875387e-01,9.865704066914339210e-01,9.892540056566515583e-01,9.963062739041272931e-01,9.961151937557908287e-01,9.956743584419991411e-01,9.993708054506178495e-01,9.993588805043767120e-01,9.926681945489667092e-01,5.459462355053316118e-01,6.893780818518995268e-01,7.980136928042003142e-01,9.921245633005051356e-01,9.982096068790227150e-01,9.990655469201498162e-01,8.818891908846424599e-01,9.891170151589393500e-01,9.423655184944109697e-01,9.939355454476446194e-01,9.982115321510155459e-01,9.978702023249200748e-01
9.967536027882903937e-01,1.000000000000000000e+00,9.978336102770559712e-01,9.965593735941975506e-01,9.973153282279584309e-01,9.963189850900061595e-01,9.965235747084455475e-01,9.976866891432795148e-01,9.973720075904782822e-01,9.664015147481417323e-01,9.958667153432304575e-01,9.524282716516222491e-01,9.966573642230189822e-01,9.957982990638987175e-01,9.979853030944740855e-01,9.932630389019057038e-01,9.972521181623823505e-01,9.956846792496740761e-01,9.953912903412254209e-01,9.941685083787646926e-01,9.872848482519067659e-01,9.985481756158517408e-01,9.976165072346017126e-01,9.955998358748429089e-01,9.903018800555484225e-01,9.972080039310111665e-01,9.972447254683826090e-01,9.962412676875519457e-01,9.950397095400923542e-01,9.962640413849597198e-01,9.945814489713806772e-01,9.961755985452480644e-01,9.940318551280796777e-01,9.951863684317785452e-01,9.977908769789403109e-01,9.971202308429325534e-01,9.968600523759864052e-01,9.938610337152631313e-01,9.979058463045589189e-01,9.940160395050982034e-01,9.899916477800141390e-01,9.912418763002934785e-01,9.975048695906661989e-01,9.958953982622876788e-01,9.940809557807112062e-01,9.967229752972116552e-01,9.946695897141932807e-01,9.933608189039494496e-01,5.814331812592652415e-01,7.154552487932653859e-01,8.224968778682483217e-01,9.943000054834867374e-01,9.983824317010210336e-01,9.950185338261658963e-01,8.870252056915957084e-01,9.897864907216471497e-01,9.486479105351399710e-01,9.957416062677371116e-01,9.966980647359074963e-01,9.967777227738899848e-01
9.995363877755221171e-01,9.978336102770559712e-01,1.000000000000000000e+00,9.990050062292084032e-01,9.989953472104597942e-01,9.960443627040735937e-01,9.994047786053156246e-01,9.980635438012896987e-01,9.993261008683762547e-01,9.650915714622413377e-01,9.960196336489776092e-01,9.490395379743092885e-01,9.984302688824097105e-01,9.973058705175449346e-01,9.986993545990127119e-01,9.960674035626003731e-01,9.990651890348747344e-01,9.987601656634639280e-01,9.974847903931735038e-01,9.959708083023178782e-01,9.861928377990483163e-01,9.992976653441122403e-01,9.976748152842098705e-01,9.966598198932390407e-01,9.904059340433197800e-01,9.987039678785006869e-01,9.992792623801903806e-01,9.965327794743721324e-01,9.954538737234577273e-01,9.979508005510348001e-01,9.977109023253112330e-01,9.985679931555958566e-01,9.977195373743006357e-01,9.984833706165362477e-01,9.977225108790028774e-01,9.985310838735851346e-01,9.995427557276037600e-01,9.934394143748734862e-01,9.991981146464050667e-01,9.963254968752569551e-01,9.884607498876145648e-01,9.907969439269495027e-01,9.976039319765681590e-01,9.964983859634020114e-01,9.957690891624410012e-01,9.994269453292943250e-01,9.985148288164280572e-01,9.937984803005113221e-01,5.591785154508357447e-01,6.999843648803002472e-01,8.082369741228228044e-01,9.943149557675723393e-01,9.988614137492067835e-01,9.981504014017257287e-01,8.861140574760495436e-01,9.905349375469811868e-01,9.458404702070857262e-01,9.952453495784553406e-01,9.982233091777338307e-01,9.980742347179083485e-01
9.988157645222022207e-01,9.965593735941975506e-01,9.990050062292084032e-01,1.000000000000000000e+00,9.996210326585545092e-01,9.926151497746684704e-01,9.990632698207727591e-01,9.964112325212179933e-01,9.994296812024607846e-01,9.646844230727902314e-01,9.936413814516282805e-01,9.462050810784924382e-01,9.960329432574636099e-01,9.950638040668958739e-01,9.973767999012927987e-01,9.972941040176618310e-01,9.993440278048936198e-01,9.985117115987549585e-01,9.972094003675765483e-01,9.958866304316690288e-01,9.794964306978264368e-01,9.978982565070451116e-01,9.963909553897780658e-01,9.967326803397766888e-01,9.925495305044342853e-01,9.973547733247093428e-01,9.988571488596078574e-01,9.944267364189210978e-01,9.949395814693964279e-01,9.970820823873455252e-01,9.986431967414790556e-01,9.987372023839504731e-01,9.976821682466059382e-01,9.989776459604525760e-01,9.967896222743690693e-01,9.972090002664862896e-01,9.993249289609787978e-01,9.929262675036932828e-01,9.979160175501627927e-01,9.954615885178211832e-01,9.867476384883370200e-01,9.892161177522676985e-01,9.956876328315735769e-01,9.962140318818244467e-01,9.920510258643850943e-01,9.992911296789254161e-01,9.983255321831004947e-01,9.954168579001049233e-01,5.637123555277671061e-01,7.010300139557182897e-01,8.104638885198564013e-01,9.944238691248442619e-01,9.968697313602135068e-01,9.973767430990680971e-01,8.868638855145466460e-01,9.931946730929251954e-01,9.494014825610422870e-01,9.938435836388971323e-01,9.968749232375693214e-01,9.967965452817059147e-01
9.985753566130294301e-01,9.973153282279584309e-01,9.989953472104597942e-01,9.996210326585545092e-01,1.000000000000000000e+00,9.934979603982184715e-01,9.988564335019494145e-01,9.973917956585615086e-01,9.994171776159602727e-01,9.657086244049661872e-01,9.945850016972226371e-01,9.480828680079790294e-01,9.964679756009167111e-01,9.955289403354914413e-01,9.978707108979292251e-01,9.970167653098801486e-01,9.989926977545398046e-01,9.979182944254152421e-01,9.971308554617609454e-01,9.968504677171489137e-01,9.815933830276450944e-01,9.982430104759344447e-01,9.967539010445679581e-01,9.975339243549428137e-01,9.941707738317443477e-01,9.977410239535897674e-01,9.993125988392229653e-01,9.959787220193122570e-01,9.966059941645969422e-01,9.972781779358039778e-01,9.986952907799906409e-01,9.985850747310501818e-01,9.963785475862581009e-01,9.987099522482411063e-01,9.971534625631987003e-01,9.980989471976821070e-01,9.990005317757340020e-01,9.924246819455680990e-01,9.977391811935349963e-01,9.952272540099661446e-01,9.885213340997744957e-01,9.900696287577681609e-01,9.969445224297444064e-01,9.977945546512949626e-01,9.924595393713980807e-01,9.989042301683801472e-01,9.974898548519024466e-01,9.948603102945353660e-01,5.584565518489452707e-01,6.970008639353807434e-01,8.071718207163933734e-01,9.937459388993529208e-01,9.971270930307621905e-01,9.966790848920783485e-01,8.871137265724468035e-01,9.922756501833622789e-01,9.510465294857481933e-01,9.950312677912908077e-01,9.977656752774262117e-01,9.977165321040689649e-01
9.946603926699342235e-01,9.963189850900061595e-01,9.960443627040735937e-01,9.926151497746684704e-01,9.934979603982184715e-01,1.000000000000000000e+00,9.944208929851507950e-01,9.959886467841908564e-01,9.949329263833323056e-01,9.657316192798465204e-01,9.982555879635973684e-01,9.562481162543504665e-01,9.981741876521851298e-01,9.976765639617511949e-01,9.961879246821920830e-01,9.858635854762923811e-01,9.946898206724846814e-01,9.919150980744640966e-01,9.921424708739615683e-01,9.904465792726603324e-01,9.941034311518464062e-01,9.970895386886872158e-01,9.975829275152567899e-01,9.949988029601835038e-01,9.865121662039872952e-01,9.972397187767778615e-01,9.955279825358845924e-01,9.980974181082848951e-01,9.951023486678954866e-01,9.965429122452680311e-01,9.888687052817848322e-01,9.922729177331857109e-01,9.904799368043686325e-01,9.910937455525629103e-01,9.962786408219063139e-01,9.970765508028560653e-01,9.950543256145731874e-01,9.905410462080269651e-01,9.965066023052998601e-01,9.939184254110324801e-01,9.914046743336868417e-01,9.923524551802606064e-01,9.981433900716724095e-01,9.948544621557336987e-01,9.971210184847250080e-01,9.934254495375122174e-01,9.918471822571822694e-01,9.865420841078549330e-01,5.726696361875421859e-01,7.128934537000850558e-01,8.165860506123440166e-01,9.904010746344860117e-01,9.973603817512568526e-01,9.916898568744414444e-01,8.881261001951097356e-01,9.842802959988320444e-01,9.430956561101688784e-01,9.962372496695347523e-01,9.967716859269546426e-01,9.972107545727183497e-01
9.995969691258852485e-01,9.965235747084455475e-01,9.994047786053156246e-01,9.990632698207727591e-01,9.988564335019494145e-01,9.944208929851507950e-01,1.000000000000000000e+00,9.961832595840578453e-01,9.995044730291204882e-01,9.584835528410544647e-01,9.940989066969528887e-01,9.408873159926879337e-01,9.980141961282009699e-01,9.960211961187018792e-01,9.976081200442660224e-01,9.958525958067691031e-01,9.987926667134594538e-01,9.992264745690589978e-01,9.959284620269220900e-01,9.947084720537606728e-01,9.841319576817505466e-01,9.983512370121245816e-01,9.958908991822679191e-01,9.959067419088869499e-01,9.895502377737155353e-01,9.978276435213441209e-01,9.990678419274529043e-01,9.954377499287796471e-01,9.947389281571676900e-01,9.968477532537358687e-01,9.978231295530930467e-01,9.993835921318753313e-01,9.987028592672714256e-01,9.990543247959904338e-01,9.959110967130490044e-01,9.985538900547005214e-01,9.997456663026893509e-01,9.918504626988023931e-01,9.978784259532635925e-01,9.947744844040400380e-01,9.852203068240181771e-01,9.876764344520954086e-01,9.967994036257211699e-01,9.962157618525978586e-01,9.957065404075915449e-01,9.994016594316634805e-01,9.994361505256125211e-01,9.930195121230342981e-01,5.495856705045508717e-01,6.895127206944851039e-01,7.995331098879040477e-01,9.927274258304822352e-01,9.977834177223379175e-01,9.987906861502862110e-01,8.770383158034555926e-01,9.891935004418963562e-01,9.398653350312111687e-01,9.932387492347668490e-01,9.985001064753187272e-01,9.980119198796465474e-01
9.974336280820147449e-01,9.976866891432795148e-01,9.980635438012896987e-01,9.964112325212179933e-01,9.973917956585615086e-01,9.959886467841908564e-01,9.961832595840578453e-01,1.000000000000000000e+00,9.970119551367808697e-01,9.731886534518879861e-01,9.969867965564763734e-01,9.596210815514220061e-01,9.968582921941766539e-01,9.973130342957278183e-01,9.993338376195047834e-01,9.952144420367058375e-01,9.964613716034828039e-01,9.959408176940998114e-01,9.977095043993524648e-01,9.967164315743874958e-01,9.874497404407107659e-01,9.989556730158075659e-01,9.977710731307599668e-01,9.969243299120790214e-01,9.924375191193146595e-01,9.981484266979787634e-01,9.982052608946355710e-01,9.973720601745355019e-01,9.964792741506717233e-01,9.972570005677813265e-01,9.956117969630536857e-01,9.958030625117517687e-01,9.930462352494189293e-01,9.962538016523799778e-01,9.976988095098067166e-01,9.972845026373167165e-01,9.967606377580007226e-01,9.909927907989443119e-01,9.980098881580117265e-01,9.964905462220046140e-01,9.933534452508598900e-01,9.939135158528571434e-01,9.971149622982999894e-01,9.971989079200690442e-01,9.933439373025141350e-01,9.968586848171135939e-01,9.944277925256898021e-01,9.922980790644541083e-01,5.596663785370901145e-01,7.063208391446279544e-01,8.105564660851565240e-01,9.921598651818082093e-01,9.981583867667815912e-01,9.948627513328118788e-01,8.985182841422652000e-01,9.893571811975134800e-01,9.542859902530115290e-01,9.968811123170856492e-01,9.968498374693887110e-01,9.972376588146976140e-01
9.991206378150780942e-01,9.973720075904782822e-01,9.993261008683762547e-01,9.994296812024607846e-01,9.994171776159602727e-01,9.949329263833323056e-01,9.995044730291204882e-01,9.970119551367808697e-01,1.000000000000000000e+00,9.635237171406244583e-01,9.957319360423549925e-01,9.465963207604652929e-01,9.977822552638635489e-01,9.963316979756825509e-01,9.982341821861355768e-01,9.958412464864579983e-01,9.994465898417227434e-01,9.984781877025500352e-01,9.963053720273151725e-01,9.950670254619029542e-01,9.833589839649006237e-01,9.988251340886711294e-01,9.973724220307043087e-01,9.976983991128850482e-01,9.925560139002905791e-01,9.982072801594567002e-01,9.993219360781647742e-01,9.964889539676897723e-01,9.965057834791607450e-01,9.979927828690762226e-01,9.973833165943782886e-01,9.988681387208222517e-01,9.975840650623611916e-01,9.985443609867917791e-01,9.972714841776491035e-01,9.986841183911803199e-01,9.996366438180234182e-01,9.930825713403965693e-01,9.983599145535215769e-01,9.956074471898850309e-01,9.883977722405766775e-01,9.900754734318936157e-01,9.977042974258464314e-01,9.974900450575902022e-01,9.945220950293652828e-01,9.992313339690758189e-01,9.983090746617098166e-01,9.946788969773698863e-01,5.603920726452926715e-01,6.981452980946976083e-01,8.075677242978906989e-01,9.940561486244737788e-01,9.980529625362810631e-01,9.975625314182983150e-01,8.842923030801145279e-01,9.923887597214061662e-01,9.480066901648689370e-01,9.948538643221099820e-01,9.984366827467966443e-01,9.984621429440621032e-01
9.619878609365716260e-01,9.664015147481417323e-01,9.650915714622413377e-01,9.646844230727902314e-01,9.657086244049661872e-01,9.657316192798465204e-01,9.584835528410544647e-01,9.731886534518879861e-01,9.635237171406244583e-01,1.000000000000000000e+00,9.752641886953474781e-01,9.948402051050645456e-01,9.616753932124124660e-01,9.731181924343820233e-01,9.679749631517892139e-01,9.624454227505492288e-01,9.659591369354409984e-01,9.572609193092985747e-01,9.758392955407667602e-01,9.723289130615240250e-01,9.486846990898535337e-01,9.667357164494947419e-01,9.752778522080005619e-01,9.751716133207868342e-01,9.774774518983679883e-01,9.718726528720882385e-01,9.678756375092004705e-01,9.690908746763245984e-01,9.709781776655579399e-01,9.742183198174534375e-01,9.599576317699469730e-01,9.548390859284183740e-01,9.518122449658210638e-01,9.610503460647846774e-01,9.727397654171807684e-01,9.609746874809151906e-01,9.635276719995635730e-01,9.612234054272856820e-01,9.691855812600834730e-01,9.802487726404145452e-01,9.874786656292728892e-01,9.889738492185039531e-01,9.645254328825926260e-01,9.682644518052834215e-01,9.504457110977968526e-01,9.627024284369064544e-01,9.540551742623767373e-01,9.644119698947551944e-01,5.855512055577076769e-01,7.582356673421515314e-01,8.337476854882012178e-01,9.650205785119285729e-01,9.626977360151973695e-01,9.519573762861812671e-01,9.683316415049659787e-01,9.776897939869018117e-01,9.878503658127923970e-01,9.802460373269551441e-01,9.595353711779937012e-01,9.640407746384759280e-01
9.947100721319998007e-01,9.958667153432304575e-01,9.960196336489776092e-01,9.936413814516282805e-01,9.945850016972226371e-01,9.982555879635973684e-01,9.940989066969528887e-01,9.969867965564763734e-01,9.957319360423549925e-01,9.752641886953474781e-01,1.000000000000000000e+00,9.658914187528745421e-01,9.974619428952629097e-01,9.980957387622653165e-01,9.968332957534086214e-01,9.876829332986390986e-01,9.952843680161219675e-01,9.917715173408691021e-01,9.934801145858497273e-01,9.918258364745866640e-01,9.895590451279688837e-01,9.970668738325907388e-01,9.983061884646905471e-01,9.979773970261436311e-01,9.920455815870340421e-01,9.980398917181351193e-01,9.963525429684754187e-01,9.988934308982894139e-01,9.976446662926489184e-01,9.985895704052284438e-01,9.894909305861533388e-01,9.918192323609368310e-01,9.895385512721270871e-01,9.917676007940179339e-01,9.966101542091146959e-01,9.968819954870652422e-01,9.952456453551683513e-01,9.891729290959564436e-01,9.964886540314947805e-01,9.963003495463543802e-01,9.954080412208530237e-01,9.965007864038604168e-01,9.980170786760973467e-01,9.966968311965419547e-01,9.941442452327208246e-01,9.936984552802240467e-01,9.912603268452433447e-01,9.880323539590638582e-01,5.607419607080509349e-01,7.069421315638840797e-01,8.107008332105962722e-01,9.898678910434657308e-01,9.963757475070940117e-01,9.904887690498025421e-01,9.023410368848814311e-01,9.895229533170090130e-01,9.581263595834347280e-01,9.984886983065737187e-01,9.963218388711563289e-01,9.976292675815909838e-01
9.452125051269850697e-01,9.524282716516222491e-01,9.490395379743092885e-01,9.462050810784924382e-01,9.480828680079790294e-01,9.562481162543504665e-01,9.408873159926879337e-01,9.596210815514220061e-01,9.465963207604652929e-01,9.948402051050645456e-01,9.658914187528745421e-01,1.000000000000000000e+00,9.483526289974671952e-01,9.609335948189150489e-01,9.532723016881476941e-01,9.418034374051768021e-01,9.494905813274360229e-01,9.383191854215735539e-01,9.592466330212808812e-01,9.543037342153205538e-01,9.403339547546436528e-01,9.521716559130235513e-01,9.630015896457909674e-01,9.622238287710890292e-01,9.636235450707774097e-01,9.579877778733005833e-01,9.518325552668710499e-01,9.580738342626754500e-01,9.590146391799754255e-01,9.618492308146695535e-01,9.396433330938016582e-01,9.352588308327954847e-01,9.316859430498326544e-01,9.418076475319372420e-01,9.595091800416460925e-01,9.462897884498646661e-01,9.469452086141693092e-01,9.453151378167456986e-01,9.550015644267956239e-01,9.675725749515468044e-01,9.788725661661846766e-01,9.809809498382908721e-01,9.515059078690405459e-01,9.539767086772730220e-01,9.372218558762305252e-01,9.452021100844125723e-01,9.350557222773550059e-01,9.454884597515464950e-01,5.792490282544899838e-01,7.539936768351381824e-01,8.250647313271317618e-01,9.489017327801051449e-01,9.482307412508370614e-01,9.327069420808159483e-01,9.668007479481619537e-01,9.616212888575726980e-01,9.829555588017693246e-01,9.704228488602804070e-01,9.444403444426179295e-01,9.499508474888899157e-01
9.981741784195560241e-01,9.966573642230189822e-01,9.984302688824097105e-01,9.960329432574636099e-01,9.964679756009167111e-01,9.981741876521851298e-01,9.980141961282009699e-01,9.968582921941766539e-01,9.977822552638635489e-01,9.616753932124124660e-01,9.974619428952629097e-01,9.483526289974671952e-01,1.000000000000000000e+00,9.983804833927039102e-01,9.978665534609214571e-01,9.908395821005189230e-01,9.965048684797145340e-01,9.963017665109090704e-01,9.941815185359805795e-01,9.933558438376912658e-01,9.922533711866156070e-01,9.981885758890060023e-01,9.965844383535821249e-01,9.961524686380762716e-01,9.878681401402902296e-01,9.986247751001121609e-01,9.980577278391585816e-01,9.983362295895111815e-01,9.959854990670169439e-01,9.975620025470278707e-01,9.936852775575527597e-01,9.965611876913098577e-01,9.952765899296825980e-01,9.958452368587952241e-01,9.952677085731281847e-01,9.993089127841405794e-01,9.978890119549449489e-01,9.888959275079759470e-01,9.971029496253470681e-01,9.949177054065022618e-01,9.887168420214897946e-01,9.907250416087188816e-01,9.983643720530668286e-01,9.966271774803153738e-01,9.988491561201455760e-01,9.965498675389002914e-01,9.967657621237504539e-01,9.877040110521289051e-01,5.404255785306059101e-01,6.855052148859349659e-01,7.938963294893112144e-01,9.892752925194268077e-01,9.982782693780266614e-01,9.963605316354087194e-01,8.809115527817715785e-01,9.853106747679811761e-01,9.400026267761145693e-01,9.955533098907760614e-01,9.992404044586649103e-01,9.992218605143403654e-01
9.966962816681522730e-01,9.957982990638987175e-01,9.973058705175449346e-01,9.950638040668958739e-01,9.955289403354914413e-01,9.976765639617511949e-01,9.960211961187018792e-01,9.973130342957278183e-01,9.963316979756825509e-01,9.731181924343820233e-01,9.980957387622653165e-01,9.609335948189150489e-01,9.983804833927039102e-01,1.000000000000000000e+00,9.971566559386714212e-01,9.900107545568377354e-01,9.956119272366891204e-01,9.942034188122115257e-01,9.964871387581056839e-01,9.954867822350350615e-01,9.910117942436332816e-01,9.972556146690476631e-01,9.977868389048415443e-01,9.969375865817552418e-01,9.898533571506333839e-01,9.993659067982438859e-01,9.978789875721880698e-01,9.979351132972884564e-01,9.956961864138306195e-01,9.979719748652894351e-01,9.922388196119353854e-01,9.939293660233833316e-01,9.925742253313125651e-01,9.948479520582825808e-01,9.958146341425931913e-01,9.973714890775168262e-01,9.968257958518900175e-01,9.884427438545755340e-01,9.968533760053410742e-01,9.979513889013852390e-01,9.937279459286517680e-01,9.956446936791539803e-01,9.971370119702385182e-01,9.962753620500618412e-01,9.959460013231271613e-01,9.952760778999305558e-01,9.942444230678998407e-01,9.874996154412953864e-01,5.523276963475988177e-01,7.086930544924323616e-01,8.071170900738295906e-01,9.893163712523826980e-01,9.966363514761290565e-01,9.935142856974763514e-01,9.044404097788576458e-01,9.877149991933722450e-01,9.498410877245765382e-01,9.980170940424193393e-01,9.973845571528179299e-01,9.980559689955570413e-01
9.985245342175413930e-01,9.979853030944740855e-01,9.986993545990127119e-01,9.973767999012927987e-01,9.978707108979292251e-01,9.961879246821920830e-01,9.976081200442660224e-01,9.993338376195047834e-01,9.982341821861355768e-01,9.679749631517892139e-01,9.968332957534086214e-01,9.532723016881476941e-01,9.978665534609214571e-01,9.971566559386714212e-01,1.000000000000000000e+00,9.955477639100458465e-01,9.974723695179216199e-01,9.974876823152668548e-01,9.969091130613388918e-01,9.954389340930911434e-01,9.872981131365924368e-01,9.994400021590628125e-01,9.975533621816443652e-01,9.969127598406456459e-01,9.914199760527222516e-01,9.983180012089605260e-01,9.985062016524739459e-01,9.972677015449972204e-01,9.962977389976023224e-01,9.975638825970389867e-01,9.959555670345354716e-01,9.974571957804886368e-01,9.953953017446395268e-01,9.972419754873688147e-01,9.974012163230389083e-01,9.981747090235447706e-01,9.978817819945398071e-01,9.914970907061921856e-01,9.983106163813666445e-01,9.959183387123413667e-01,9.911687687102316291e-01,9.920957606589364541e-01,9.975664558771201174e-01,9.971859122599248115e-01,9.949905860574631555e-01,9.977990397820158952e-01,9.963670884311450759e-01,9.930125795007570533e-01,5.586622307033178858e-01,7.009846408022688546e-01,8.076515113728118811e-01,9.925149231927871130e-01,9.990054421240950333e-01,9.967912627254574831e-01,8.896269811077260892e-01,9.897689536539170385e-01,9.495010693747064634e-01,9.958985062712456537e-01,9.978478264858807734e-01,9.980191960609610113e-01
9.967916063901056667e-01,9.932630389019057038e-01,9.960674035626003731e-01,9.972941040176618310e-01,9.970167653098801486e-01,9.858635854762923811e-01,9.958525958067691031e-01,9.952144420367058375e-01,9.958412464864579983e-01,9.624454227505492288e-01,9.876829332986390986e-01,9.418034374051768021e-01,9.908395821005189230e-01,9.900107545568377354e-01,9.955477639100458465e-01,1.000000000000000000e+00,9.955544465646410934e-01,9.977556500596035383e-01,9.964755395272555383e-01,9.947973825853750895e-01,9.718909423805097703e-01,9.954234768722478588e-01,9.916149218892575945e-01,9.920723988543539429e-01,9.894981957160520203e-01,9.931520301349995306e-01,9.958491043912006679e-01,9.888908094859744091e-01,9.901100180947692841e-01,9.922751000915175368e-01,9.987259629631322078e-01,9.971387316398303557e-01,9.957616585873997339e-01,9.982233673996262491e-01,9.933027154217473065e-01,9.926584178132987768e-01,9.958919579611121842e-01,9.890913083488092061e-01,9.949779711209910671e-01,9.922722838784548971e-01,9.823630121756203870e-01,9.844522206757487792e-01,9.901531499974063344e-01,9.922852734318532431e-01,9.860404864585774476e-01,9.975497738890111155e-01,9.961014936726781954e-01,9.948919043643538185e-01,5.522528455126778368e-01,6.930469544168665896e-01,8.019202869982294812e-01,9.912557115177244027e-01,9.938781000872556337e-01,9.964005389402897928e-01,8.842891744250688246e-01,9.898104873010523663e-01,9.471669875551964601e-01,9.886544673615670353e-01,9.922851953156965887e-01,9.917964151854048449e-01
9.983753891670483771e-01,9.972521181623823505e-01,9.990651890348747344e-01,9.993440278048936198e-01,9.989926977545398046e-01,9.946898206724846814e-01,9.987926667134594538e-01,9.964613716034828039e-01,9.994465898417227434e-01,9.659591369354409984e-01,9.952843680161219675e-01,9.494905813274360229e-01,9.965048684797145340e-01,9.956119272366891204e-01,9.974723695179216199e-01,9.955544465646410934e-01,1.000000000000000000e+00,9.978347149287855045e-01,9.966621704560831851e-01,9.943446820697212640e-01,9.810101951586146507e-01,9.984899958958397548e-01,9.980077655018679827e-01,9.972262428820299895e-01,9.923561642980508468e-01,9.977362087637621224e-01,9.986121212590057805e-01,9.952601305163030210e-01,9.954246029142232999e-01,9.980835353254630116e-01,9.967922480069520974e-01,9.978439024669397694e-01,9.971445978528129528e-01,9.977211994753635294e-01,9.983258009864843796e-01,9.972431512912146578e-01,9.994060491431787652e-01,9.953818776971032900e-01,9.989313401794404079e-01,9.960480070674666564e-01,9.885168051193222727e-01,9.906362129204224765e-01,9.969685057908803660e-01,9.960868704895335934e-01,9.927601972747097658e-01,9.991955927667900417e-01,9.974774156078969334e-01,9.964987355506842448e-01,5.795242585824188497e-01,7.138136273680594224e-01,8.212959490035516286e-01,9.964442332398358859e-01,9.976214628045423360e-01,9.965511974063661071e-01,8.887600336451728644e-01,9.944282331042866296e-01,9.509656256167199340e-01,9.947794624639827443e-01,9.968047358463448804e-01,9.969690784759797086e-01
9.995138469137898607e-01,9.956846792496740761e-01,9.987601656634639280e-01,9.985117115987549585e-01,9.979182944254152421e-01,9.919150980744640966e-01,9.992264745690589978e-01,9.959408176940998114e-01,9.984781877025500352e-01,9.572609193092985747e-01,9.917715173408691021e-01,9.383191854215735539e-01,9.963017665109090704e-01,9.942034188122115257e-01,9.974876823152668548e-01,9.977556500596035383e-01,9.978347149287855045e-01,1.000000000000000000e+00,9.960705438988302074e-01,9.939329153564127051e-01,9.809654433559349407e-01,9.979701769098207054e-01,9.942497611256722045e-01,9.937876453890904793e-01,9.873924530141392486e-01,9.964563344298421610e-01,9.979340238939085062e-01,9.928164630734132023e-01,9.921306504560203354e-01,9.951848776584032441e-01,9.981459946741823019e-01,9.995097054244226342e-01,9.993056120753438520e-01,9.993104353457790134e-01,9.948274915937631580e-01,9.967183480081152069e-01,9.989013079704299747e-01,9.911717386922269668e-01,9.974051617151540317e-01,9.939293972600834470e-01,9.829414517169301480e-01,9.857121143460129131e-01,9.944001866790711519e-01,9.940638050151525684e-01,9.938960405685660637e-01,9.993742295292676880e-01,9.995231237438666483e-01,9.937217097530358645e-01,5.495331941737676695e-01,6.892883101001874291e-01,7.989905260421923394e-01,9.923476462487796912e-01,9.974206439098775023e-01,9.996384521546417545e-01,8.750326554389358247e-01,9.885470590789482426e-01,9.378150095183754864e-01,9.909326720006318423e-01,9.966337661750472865e-01,9.959289506269656256e-01
9.970150322475619387e-01,9.953912903412254209e-01,9.974847903931735038e-01,9.972094003675765483e-01,9.971308554617609454e-01,9.921424708739615683e-01,9.959284620269220900e-01,9.977095043993524648e-01,9.963053720273151725e-01,9.758392955407667602e-01,9.934801145858497273e-01,9.592466330212808812e-01,9.941815185359805795e-01,9.964871387581056839e-01,9.969091130613388918e-01,9.964755395272555383e-01,9.966621704560831851e-01,9.960705438988302074e-01,1.000000000000000000e+00,9.982869939825353978e-01,9.807656753799955940e-01,9.968161204062416791e-01,9.967281933545996120e-01,9.955004845348669473e-01,9.912481325524959974e-01,9.973040955772072280e-01,9.978069704390070127e-01,9.933795463366169587e-01,9.928954846664825862e-01,9.962327435435271994e-01,9.966771611366430639e-01,9.951548691254551438e-01,9.942116808917419446e-01,9.973291432282461733e-01,9.966307425971597800e-01,9.943844653097744235e-01,9.969872028344736181e-01,9.911458314232509670e-01,9.974179060604443370e-01,9.981007674570019361e-01,9.915396549678351379e-01,9.933785497656258956e-01,9.935325435431685559e-01,9.943798771797276448e-01,9.896265740048801884e-01,9.972447144480033332e-01,9.950257839654502723e-01,9.934046160718064122e-01,5.692391483614648306e-01,7.224414629575643954e-01,8.196624209970337915e-01,9.930209086202109736e-01,9.954576635321700229e-01,9.946004415515039554e-01,9.104917208844177656e-01,9.921116532667162424e-01,9.556325970773787981e-01,9.950487748660444831e-01,9.941544394846999477e-01,9.945412985493111702e-01
9.952549097686438362e-01,9.941685083787646926e-01,9.959708083023178782e-01,9.958866304316690288e-01,9.968504677171489137e-01,9.904465792726603324e-01,9.947084720537606728e-01,9.967164315743874958e-01,9.950670254619029542e-01,9.723289130615240250e-01,9.918258364745866640e-01,9.543037342153205538e-01,9.933558438376912658e-01,9.954867822350350615e-01,9.954389340930911434e-01,9.947973825853750895e-01,9.943446820697212640e-01,9.939329153564127051e-01,9.982869939825353978e-01,1.000000000000000000e+00,9.823447904531874553e-01,9.948458619211724141e-01,9.943831620722519693e-01,9.947427564804309785e-01,9.919799353311946621e-01,9.962155292141383622e-01,9.973253125083225701e-01,9.937396648594485349e-01,9.934657101961819059e-01,9.941590422473884914e-01,9.965240570123637953e-01,9.942829521539640059e-01,9.912427081432928500e-01,9.963632438624947518e-01,9.940032873060447027e-01,9.946345926791446690e-01,9.950970573481402459e-01,9.870692859929581786e-01,9.943203606333513855e-01,9.952611066494208014e-01,9.904894376906047126e-01,9.910492737316098921e-01,9.936176632048547841e-01,9.956216399380434234e-01,9.889987875716450549e-01,9.949890490361107398e-01,9.931404953165576810e-01,9.899011988192181200e-01,5.477953280159848504e-01,7.052804598263371361e-01,8.044775937015536948e-01,9.887265557167385088e-01,9.935026967620939065e-01,9.925883081116355644e-01,9.065003021201770705e-01,9.881113510850986215e-01,9.528947614158357338e-01,9.942049009393885139e-01,9.946732922828341872e-01,9.948196611944322143e-01
9.846536863455686017e-01,9.872848482519067659e-01,9.861928377990483163e-01,9.794964306978264368e-01,9.815933830276450944e-01,9.941034311518464062e-01,9.841319576817505466e-01,9.874497404407107659e-01,9.833589839649006237e-01,9.486846990898535337e-01,9.895590451279688837e-01,9.403339547546436528e-01,9.922533711866156070e-01,9.910117942436332816e-01,9.872981131365924368e-01,9.718909423805097703e-01,9.810101951586146507e-01,9.809654433559349407e-01,9.807656753799955940e-01,9.823447904531874553e-01,1.000000000000000000e+00,9.874070299045180077e-01,9.863637402795772946e-01,9.823937920844778571e-01,9.701196284574569173e-01,9.883471997352316629e-01,9.854115797731317627e-01,9.912673905398515783e-01,9.845711628912883207e-01,9.845284397874446425e-01,9.771365486833903935e-01,9.819909994397608699e-01,9.791848245420817776e-01,9.797728244526549002e-01,9.837813118907560161e-01,9.897924079034836620e-01,9.833965528907566700e-01,9.761180238977219537e-01,9.850581033837699785e-01,9.815147060663458323e-01,9.812060034950836895e-01,9.807728980721083234e-01,9.908020218073230190e-01,9.854892876521816891e-01,9.950444218752547698e-01,9.811519811183780915e-01,9.815047082867174311e-01,9.685004964302525998e-01,5.349307498418861551e-01,6.845462363476785272e-01,7.866388378061610620e-01,9.744981433574257945e-01,9.895114808092465575e-01,9.827860875942979746e-01,8.678223248515254395e-01,9.629037155152690985e-01,9.156629219610999959e-01,9.864829934517561627e-01,9.901154541561724143e-01,9.897952183306182317e-01
9.988527230109786048e-01,9.985481756158517408e-01,9.992976653441122403e-01,9.978982565070451116e-01,9.982430104759344447e-01,9.970895386886872158e-01,9.983512370121245816e-01,9.989556730158075659e-01,9.988251340886711294e-01,9.667357164494947419e-01,9.970668738325907388e-01,9.521716559130235513e-01,9.981885758890060023e-01,9.972556146690476631e-01,9.994400021590628125e-01,9.954234768722478588e-01,9.984899958958397548e-01,9.979701769098207054e-01,9.968161204062416791e-01,9.948458619211724141e-01,9.874070299045180077e-01,1.000000000000000000e+00,9.983852016486447489e-01,9.969340769437776695e-01,9.910122917668053866e-01,9.985891876360399877e-01,9.987966998252328921e-01,9.972487492979404955e-01,9.961579935010400622e-01,9.978256166791907855e-01,9.961243214806571045e-01,9.978964463951294217e-01,9.963091523575472452e-01,9.973219377552893228e-01,9.984939911696096848e-01,9.984100614978881350e-01,9.986751339724401211e-01,9.939690795565075954e-01,9.993128312153398696e-01,9.960487844474488206e-01,9.906851781552674652e-01,9.918679171532595040e-01,9.981748874800773219e-01,9.969509415527931795e-01,9.955582684092609824e-01,9.986558754192887966e-01,9.969431775504096205e-01,9.942926544411407885e-01,5.695463031600317416e-01,7.081174075828114978e-01,8.150217021832352193e-01,9.946567558461781866e-01,9.995254139964817597e-01,9.972544177633544393e-01,8.873953235822940044e-01,9.903880686229833419e-01,9.477425391940706989e-01,9.959400310457006134e-01,9.980466234831723016e-01,9.980979918753127844e-01
9.961179513474294200e-01,9.976165072346017126e-01,9.976748152842098705e-01,9.963909553897780658e-01,9.967539010445679581e-01,9.975829275152567899e-01,9.958908991822679191e-01,9.977710731307599668e-01,9.973724220307043087e-01,9.752778522080005619e-01,9.983061884646905471e-01,9.630015896457909674e-01,9.965844383535821249e-01,9.977868389048415443e-01,9.975533621816443652e-01,9.916149218892575945e-01,9.980077655018679827e-01,9.942497611256722045e-01,9.967281933545996120e-01,9.943831620722519693e-01,9.863637402795772946e-01,9.983852016486447489e-01,1.000000000000000000e+00,9.978104512251770863e-01,9.924307641199557883e-01,9.982969426368172305e-01,9.976424592815476000e-01,9.971481151046851510e-01,9.962398660175074694e-01,9.984699321790704296e-01,9.928271281556397820e-01,9.941012051983357800e-01,9.926435701319661353e-01,9.942978823442533143e-01,9.994114678031276178e-01,9.964660399037679195e-01,9.972181173959954181e-01,9.951319037176622473e-01,9.988952601169444057e-01,9.975079921595579879e-01,9.947437290728882164e-01,9.955826115133756815e-01,9.978396193846301720e-01,9.961987961871127117e-01,9.928471963807781187e-01,9.965565012006066814e-01,9.933484101951429723e-01,9.939576557909506338e-01,5.933237026548875415e-01,7.340438659001027322e-01,8.340636003455018654e-01,9.958311137244487687e-01,9.976611676455656719e-01,9.928057314795615262e-01,9.055162007737803664e-01,9.935054853319733592e-01,9.576635063317257002e-01,9.977246832961665923e-01,9.959537869795770382e-01,9.968725434538411312e-01
9.960412994869087822e-01,9.955998358748429089e-01,9.966598198932390407e-01,9.967326803397766888e-01,9.975339243549428137e-01,9.949988029601835038e-01,9.959067419088869499e-01,9.969243299120790214e-01,9.976983991128850482e-01,9.751716133207868342e-01,9.979773970261436311e-01,9.622238287710890292e-01,9.961524686380762716e-01,9.969375865817552418e-01,9.969127598406456459e-01,9.920723988543539429e-01,9.972262428820299895e-01,9.937876453890904793e-01,9.955004845348669473e-01,9.947427564804309785e-01,9.823937920844778571e-01,9.969340769437776695e-01,9.978104512251770863e-01,1.000000000000000000e+00,9.971229107139107928e-01,9.981300022477758160e-01,9.982644162047338288e-01,9.981567210825957881e-01,9.992102269914396873e-01,9.991304236274222150e-01,9.935270066820067747e-01,9.943976165172809800e-01,9.914118738479373860e-01,9.952309872308741090e-01,9.966188462186557073e-01,9.973504985817956969e-01,9.970408349726492814e-01,9.889157558773418177e-01,9.962259318380211059e-01,9.972332314498894013e-01,9.947578710490770915e-01,9.955913896366866966e-01,9.972688754915751685e-01,9.988839339518017502e-01,9.910511310119046735e-01,9.956473926024568266e-01,9.932938667465855964e-01,9.914796533188258154e-01,5.548615616697193387e-01,7.016982691583398823e-01,8.063502846490991915e-01,9.905561966958361664e-01,9.951206391682968500e-01,9.917004393987236543e-01,9.043973749660337846e-01,9.936551802745531292e-01,9.633792607788446150e-01,9.980314069972859858e-01,9.969229657027113278e-01,9.981172269230859095e-01
9.895416684881199743e-01,9.903018800555484225e-01,9.904059340433197800e-01,9.925495305044342853e-01,9.941707738317443477e-01,9.865121662039872952e-01,9.895502377737155353e-01,9.924375191193146595e-01,9.925560139002905791e-01,9.774774518983679883e-01,9.920455815870340421e-01,9.636235450707774097e-01,9.878681401402902296e-01,9.898533571506333839e-01,9.914199760527222516e-01,9.894981957160520203e-01,9.923561642980508468e-01,9.873924530141392486e-01,9.912481325524959974e-01,9.919799353311946621e-01,9.701196284574569173e-01,9.910122917668053866e-01,9.924307641199557883e-01,9.971229107139107928e-01,1.000000000000000000e+00,9.924926721204662128e-01,9.935958089792754633e-01,9.929635759461235001e-01,9.968700036248137053e-01,9.941570425951400392e-01,9.900410500870133745e-01,9.887356386309988920e-01,9.833877887436908161e-01,9.904709065930656919e-01,9.920588396926922625e-01,9.913568146815013860e-01,9.910513932945242965e-01,9.832286798396422389e-01,9.898367975704671640e-01,9.921033091868705078e-01,9.928502474640453768e-01,9.925685044792523781e-01,9.917399146987445624e-01,9.963298044249407903e-01,9.800050918273776057e-01,9.901011877467348343e-01,9.858567421206823056e-01,9.896887596572974122e-01,5.516518985156840804e-01,6.979051633818511569e-01,8.034342968190884005e-01,9.857472224216725643e-01,9.878059860121580771e-01,9.837876636545620501e-01,9.093991440283946126e-01,9.929791885651195749e-01,9.732885567156227546e-01,9.946963751315890390e-01,9.907061103854074569e-01,9.923377720160346804e-01
9.982434910127108152e-01,9.972080039310111665e-01,9.987039678785006869e-01,9.973547733247093428e-01,9.977410239535897674e-01,9.972397187767778615e-01,9.978276435213441209e-01,9.981484266979787634e-01,9.982072801594567002e-01,9.718726528720882385e-01,9.980398917181351193e-01,9.579877778733005833e-01,9.986247751001121609e-01,9.993659067982438859e-01,9.983180012089605260e-01,9.931520301349995306e-01,9.977362087637621224e-01,9.964563344298421610e-01,9.973040955772072280e-01,9.962155292141383622e-01,9.883471997352316629e-01,9.985891876360399877e-01,9.982969426368172305e-01,9.981300022477758160e-01,9.924926721204662128e-01,1.000000000000000000e+00,9.991911576664721517e-01,9.982274986323150801e-01,9.970384593217247460e-01,9.989411482001590015e-01,9.948605120122859802e-01,9.964006617374958630e-01,9.947710995562014658e-01,9.969217963243458547e-01,9.971039131602058569e-01,9.984615810397328151e-01,9.984697908301561897e-01,9.905303665852536188e-01,9.979964221134670632e-01,9.981074820728194075e-01,9.931089908178788450e-01,9.951298827298241667e-01,9.980445480603857833e-01,9.976868060504775482e-01,9.956440416349281453e-01,9.973372045025302723e-01,9.961731827856861177e-01,9.911187495273222625e-01,5.538944014696943752e-01,7.044530531170608567e-01,8.071016767497920519e-01,9.915923169812579374e-01,9.976257274822605270e-01,9.954274464407409928e-01,8.990578582819046538e-01,9.904045011300183221e-01,9.516545884253705401e-01,9.982226156735577449e-01,9.983509533630641197e-01,9.988219963934842349e-01
